10000 1.2060353755950928
20000 0.651362419128418
30000 0.6462180614471436
40000 1.224553108215332
50000 0.4318056106567383
60000 0.4075584411621094
70000 0.44906115531921387
80000 0.5244324207305908
90000 0.715919017791748
100000 1.0648353099822998
200000 1.6886661052703857
300000 1.2700064182281494
400000 1.6586341857910156
500000 2.8415989875793457
600000 3.5037741661071777
700000 2.3130881786346436
800000 4.632107257843018
900000 3.583486557006836
1000000 3.9443585872650146
2000000 6.869988679885864
3000000 15.74903655052185
4000000 16.39679980278015
5000000 18.41442632675171
6000000 16.565577268600464
7000000 42.47203278541565
8000000 20.095481157302856
9000000 24.95609450340271