5 100000 10000 12.809473
5 100000 10000 7.038751
5 100000 10000 6.526158
5 100000 10000 18.408869
5 100000 10000 21.587829
5 100000 10000 14.250658
5 100000 10000 12.085230
5 100000 10000 7.841432
5 1000000 100000 54.706278
5 1000000 100000 81.051895
5 1000000 100000 95.764986
5 1000000 100000 94.516132
5 1000000 100000 82.303620
5 1000000 100000 79.264608
5 1000000 100000 81.486930
5 1000000 100000 95.123817
5 1000000 50000 105.798479
5 1000000 50000 90.250009
5 1000000 50000 120.476401
5 1000000 50000 106.859428
5 100000 5000 9.487075
5 100000 5000 9.952189
5 100000 5000 10.673097
5 100000 5000 6.960765
5 100000 5000 17.146221
5 100000 5000 7.902910
