4 1000000 100000 55.353397
4 1000000 100000 78.849637
4 1000000 100000 69.219206
4 1000000 100000 78.835718
4 1000000 100000 67.445732
4 1000000 100000 71.959883
4 1000000 100000 59.789129
4 1000000 100000 67.781645
5 1000000 100000 91.470275
5 1000000 100000 109.904927
5 1000000 100000 76.594164
5 1000000 100000 104.395774
5 1000000 100000 73.076004
5 1000000 100000 71.167669
5 1000000 100000 61.156462
5 1000000 100000 63.346319
5 100000 10000 5.442072
5 100000 10000 15.427919
5 100000 10000 5.454510
5 100000 10000 5.047412
5 100000 10000 5.573700
5 100000 10000 5.039164
5 100000 10000 6.602632
5 100000 10000 4.970046
5 100000 10000 5.941726
5 100000 10000 7.581343
3 1000000 100000 68.818295
3 1000000 100000 76.309854
3 1000000 100000 73.553177
3 1000000 100000 66.778688
3 1000000 100000 74.039027